
ZAI = [
666
0
];

NAMES = [
'lost            '
'total           '
];

iLOST    = 1;
iTOT     = 2;

MAT_fuel_1_VOLUME = [ 5.52097E+04 ];

MAT_fuel_1_BURNUP = [ 0.00000E+00 ];

MAT_fuel_1_ADENS = [
0.00000E+00 % lost data
5.95183E-02 % total
];

MAT_fuel_1_MDENS = [
0.00000E+00 % lost data
1.05000E+01 % total
];

MAT_fuel_1_A = [
0.00000E+00 % lost data
1.33709E+10 % total
];

MAT_fuel_1_H = [
0.00000E+00 % lost data
9.60207E-03 % total
];

MAT_fuel_1_SF = [
0.00000E+00 % lost data
2.82240E+05 % total
];

MAT_fuel_1_GSRC = [
0.00000E+00 % lost data
1.03421E+10 % total
];

MAT_fuel_1_ING_TOX = [
0.00000E+00 % lost data
6.18096E+02 % total
];

MAT_fuel_1_INH_TOX = [
0.00000E+00 % lost data
1.11068E+05 % total
];

TOT_VOLUME = [ 5.52097E+04 ];

TOT_BURNUP = [ 0.00000E+00 ];

TOT_ADENS = [
0.00000E+00 % lost data
5.95183E-02 % total
];

TOT_MASS = [
0.00000E+00 % lost data
5.79702E+05 % total
];

TOT_A = [
0.00000E+00 % lost data
1.33709E+10 % total
];

TOT_H = [
0.00000E+00 % lost data
9.60207E-03 % total
];

TOT_SF = [
0.00000E+00 % lost data
2.82240E+05 % total
];

TOT_GSRC = [
0.00000E+00 % lost data
1.03421E+10 % total
];

TOT_ING_TOX = [
0.00000E+00 % lost data
6.18096E+02 % total
];

TOT_INH_TOX = [
0.00000E+00 % lost data
1.11068E+05 % total
];

BU = [ 0.00000E+00 ];

DAYS = [ 0.00000E+00 ];
