
ZAI = [
666
0
];

NAMES = [
'lost            '
'total           '
];

iLOST    = 1;
iTOT     = 2;

MAT_fuel_1_VOLUME = [ 5.47623E+04 5.47623E+04 5.47623E+04 5.47623E+04 5.47623E+04 5.47623E+04 5.47623E+04 ];

MAT_fuel_1_BURNUP = [ 0.00000E+00 1.00303E+01 2.00589E+01 3.00888E+01 4.01194E+01 5.01522E+01 6.01862E+01 ];

MAT_fuel_1_ADENS = [
0.00000E+00 4.46483E-12 8.75192E-12 1.29053E-11 1.69459E-11 2.08918E-11 2.47517E-11 % lost data
5.95183E-02 5.97648E-02 6.00114E-02 6.02577E-02 6.05038E-02 6.07497E-02 6.09953E-02 % total
];

MAT_fuel_1_MDENS = [
0.00000E+00 0.00000E+00 0.00000E+00 0.00000E+00 0.00000E+00 0.00000E+00 0.00000E+00 % lost data
1.05000E+01 1.04989E+01 1.04979E+01 1.04969E+01 1.04959E+01 1.04950E+01 1.04940E+01 % total
];

MAT_fuel_1_A = [
0.00000E+00 0.00000E+00 0.00000E+00 0.00000E+00 0.00000E+00 0.00000E+00 0.00000E+00 % lost data
1.32626E+10 4.27766E+19 4.36677E+19 4.42677E+19 4.47842E+19 4.52212E+19 4.55868E+19 % total
];

MAT_fuel_1_H = [
0.00000E+00 0.00000E+00 0.00000E+00 0.00000E+00 0.00000E+00 0.00000E+00 0.00000E+00 % lost data
9.52426E-03 1.44712E+07 1.44319E+07 1.44067E+07 1.43779E+07 1.43505E+07 1.43296E+07 % total
];

MAT_fuel_1_SF = [
0.00000E+00 0.00000E+00 0.00000E+00 0.00000E+00 0.00000E+00 0.00000E+00 0.00000E+00 % lost data
2.79953E+05 3.14739E+05 4.58052E+05 9.25608E+05 2.28256E+06 5.48778E+06 1.18421E+07 % total
];

MAT_fuel_1_GSRC = [
0.00000E+00 0.00000E+00 0.00000E+00 0.00000E+00 0.00000E+00 0.00000E+00 0.00000E+00 % lost data
1.02583E+10 3.67175E+19 3.74597E+19 3.79182E+19 3.83384E+19 3.87022E+19 3.90026E+19 % total
];

MAT_fuel_1_ING_TOX = [
0.00000E+00 0.00000E+00 0.00000E+00 0.00000E+00 0.00000E+00 0.00000E+00 0.00000E+00 % lost data
6.13087E+02 1.63694E+10 1.84592E+10 1.94427E+10 2.01217E+10 2.06581E+10 2.10999E+10 % total
];

MAT_fuel_1_INH_TOX = [
0.00000E+00 0.00000E+00 0.00000E+00 0.00000E+00 0.00000E+00 0.00000E+00 0.00000E+00 % lost data
1.10168E+05 1.55187E+10 2.14859E+10 2.66790E+10 3.19641E+10 3.75811E+10 4.36183E+10 % total
];

TOT_VOLUME = [ 5.47623E+04 5.47623E+04 5.47623E+04 5.47623E+04 5.47623E+04 5.47623E+04 5.47623E+04 ];

TOT_BURNUP = [ 0.00000E+00 1.00303E+01 2.00589E+01 3.00888E+01 4.01194E+01 5.01522E+01 6.01862E+01 ];

TOT_ADENS = [
0.00000E+00 4.46483E-12 8.75192E-12 1.29053E-11 1.69459E-11 2.08918E-11 2.47517E-11 % lost data
5.95183E-02 5.97648E-02 6.00114E-02 6.02577E-02 6.05038E-02 6.07497E-02 6.09953E-02 % total
];

TOT_MASS = [
0.00000E+00 0.00000E+00 0.00000E+00 0.00000E+00 0.00000E+00 0.00000E+00 0.00000E+00 % lost data
5.75004E+05 5.74946E+05 5.74890E+05 5.74834E+05 5.74780E+05 5.74727E+05 5.74676E+05 % total
];

TOT_A = [
0.00000E+00 0.00000E+00 0.00000E+00 0.00000E+00 0.00000E+00 0.00000E+00 0.00000E+00 % lost data
1.32626E+10 4.27766E+19 4.36677E+19 4.42677E+19 4.47842E+19 4.52212E+19 4.55868E+19 % total
];

TOT_H = [
0.00000E+00 0.00000E+00 0.00000E+00 0.00000E+00 0.00000E+00 0.00000E+00 0.00000E+00 % lost data
9.52426E-03 1.44712E+07 1.44319E+07 1.44067E+07 1.43779E+07 1.43505E+07 1.43296E+07 % total
];

TOT_SF = [
0.00000E+00 0.00000E+00 0.00000E+00 0.00000E+00 0.00000E+00 0.00000E+00 0.00000E+00 % lost data
2.79953E+05 3.14739E+05 4.58052E+05 9.25608E+05 2.28256E+06 5.48778E+06 1.18421E+07 % total
];

TOT_GSRC = [
0.00000E+00 0.00000E+00 0.00000E+00 0.00000E+00 0.00000E+00 0.00000E+00 0.00000E+00 % lost data
1.02583E+10 3.67175E+19 3.74597E+19 3.79182E+19 3.83384E+19 3.87022E+19 3.90026E+19 % total
];

TOT_ING_TOX = [
0.00000E+00 0.00000E+00 0.00000E+00 0.00000E+00 0.00000E+00 0.00000E+00 0.00000E+00 % lost data
6.13087E+02 1.63694E+10 1.84592E+10 1.94427E+10 2.01217E+10 2.06581E+10 2.10999E+10 % total
];

TOT_INH_TOX = [
0.00000E+00 0.00000E+00 0.00000E+00 0.00000E+00 0.00000E+00 0.00000E+00 0.00000E+00 % lost data
1.10168E+05 1.55187E+10 2.14859E+10 2.66790E+10 3.19641E+10 3.75811E+10 4.36183E+10 % total
];

BU = [ 0.00000E+00 1.00000E+01 2.00000E+01 3.00000E+01 4.00000E+01 5.00000E+01 6.00000E+01 ];

DAYS = [ 0.00000E+00 2.17825E+01 4.35649E+01 6.53474E+01 8.71298E+01 1.08912E+02 1.30695E+02 ];
