
ZAI = [
666
0
];

NAMES = [
'lost            '
'total           '
];

iLOST    = 1;
iTOT     = 2;

MAT_fuel_1_VOLUME = [ 5.52097E+04 5.52097E+04 5.52097E+04 5.52097E+04 5.52097E+04 5.52097E+04 5.52097E+04 5.52097E+04 5.52097E+04 5.52097E+04 5.52097E+04 5.52097E+04 ];

MAT_fuel_1_BURNUP = [ 0.00000E+00 1.00029E+01 2.00058E+01 3.00088E+01 4.00119E+01 5.00151E+01 6.00184E+01 7.00219E+01 8.00254E+01 9.00291E+01 1.00033E+02 1.10037E+02 ];

MAT_fuel_1_ADENS = [
0.00000E+00 4.45429E-12 8.74728E-12 1.28931E-11 1.69224E-11 2.08567E-11 2.47096E-11 2.84934E-11 3.22148E-11 3.58794E-11 3.94923E-11 4.30572E-11 % lost data
5.95183E-02 5.97642E-02 6.00104E-02 6.02562E-02 6.05016E-02 6.07467E-02 6.09914E-02 6.12360E-02 6.14802E-02 6.17242E-02 6.19679E-02 6.22113E-02 % total
];

MAT_fuel_1_MDENS = [
0.00000E+00 0.00000E+00 0.00000E+00 0.00000E+00 0.00000E+00 0.00000E+00 0.00000E+00 0.00000E+00 0.00000E+00 0.00000E+00 0.00000E+00 0.00000E+00 % lost data
1.05000E+01 1.04989E+01 1.04979E+01 1.04969E+01 1.04959E+01 1.04950E+01 1.04940E+01 1.04931E+01 1.04922E+01 1.04913E+01 1.04905E+01 1.04896E+01 % total
];

MAT_fuel_1_A = [
0.00000E+00 0.00000E+00 0.00000E+00 0.00000E+00 0.00000E+00 0.00000E+00 0.00000E+00 0.00000E+00 0.00000E+00 0.00000E+00 0.00000E+00 0.00000E+00 % lost data
1.33709E+10 4.23030E+19 4.33391E+19 4.38132E+19 4.41996E+19 4.45426E+19 4.48604E+19 4.51618E+19 4.54439E+19 4.57153E+19 4.59840E+19 4.62585E+19 % total
];

MAT_fuel_1_H = [
0.00000E+00 0.00000E+00 0.00000E+00 0.00000E+00 0.00000E+00 0.00000E+00 0.00000E+00 0.00000E+00 0.00000E+00 0.00000E+00 0.00000E+00 0.00000E+00 % lost data
9.60207E-03 1.43394E+07 1.43332E+07 1.42524E+07 1.41859E+07 1.41317E+07 1.40874E+07 1.40493E+07 1.40145E+07 1.39827E+07 1.39526E+07 1.39249E+07 % total
];

MAT_fuel_1_SF = [
0.00000E+00 0.00000E+00 0.00000E+00 0.00000E+00 0.00000E+00 0.00000E+00 0.00000E+00 0.00000E+00 0.00000E+00 0.00000E+00 0.00000E+00 0.00000E+00 % lost data
2.82240E+05 3.17858E+05 4.62071E+05 9.36451E+05 2.30375E+06 5.51558E+06 1.19395E+07 2.33584E+07 4.19701E+07 7.03743E+07 1.11573E+08 1.68933E+08 % total
];

MAT_fuel_1_GSRC = [
0.00000E+00 0.00000E+00 0.00000E+00 0.00000E+00 0.00000E+00 0.00000E+00 0.00000E+00 0.00000E+00 0.00000E+00 0.00000E+00 0.00000E+00 0.00000E+00 % lost data
1.03421E+10 3.62853E+19 3.71639E+19 3.75269E+19 3.78304E+19 3.81103E+19 3.83787E+19 3.86411E+19 3.88909E+19 3.91341E+19 3.93788E+19 3.96319E+19 % total
];

MAT_fuel_1_ING_TOX = [
0.00000E+00 0.00000E+00 0.00000E+00 0.00000E+00 0.00000E+00 0.00000E+00 0.00000E+00 0.00000E+00 0.00000E+00 0.00000E+00 0.00000E+00 0.00000E+00 % lost data
6.18096E+02 1.62477E+10 1.83700E+10 1.93183E+10 1.99537E+10 2.04571E+10 2.08868E+10 2.12684E+10 2.16134E+10 2.19345E+10 2.22404E+10 2.25400E+10 % total
];

MAT_fuel_1_INH_TOX = [
0.00000E+00 0.00000E+00 0.00000E+00 0.00000E+00 0.00000E+00 0.00000E+00 0.00000E+00 0.00000E+00 0.00000E+00 0.00000E+00 0.00000E+00 0.00000E+00 % lost data
1.11068E+05 1.54405E+10 2.14650E+10 2.66583E+10 3.19240E+10 3.75243E+10 4.35845E+10 5.02009E+10 5.74648E+10 6.54946E+10 7.44238E+10 8.43941E+10 % total
];

TOT_VOLUME = [ 5.52097E+04 5.52097E+04 5.52097E+04 5.52097E+04 5.52097E+04 5.52097E+04 5.52097E+04 5.52097E+04 5.52097E+04 5.52097E+04 5.52097E+04 5.52097E+04 ];

TOT_BURNUP = [ 0.00000E+00 1.00029E+01 2.00058E+01 3.00088E+01 4.00119E+01 5.00151E+01 6.00184E+01 7.00219E+01 8.00254E+01 9.00291E+01 1.00033E+02 1.10037E+02 ];

TOT_ADENS = [
0.00000E+00 4.45429E-12 8.74728E-12 1.28931E-11 1.69224E-11 2.08567E-11 2.47096E-11 2.84934E-11 3.22148E-11 3.58794E-11 3.94923E-11 4.30572E-11 % lost data
5.95183E-02 5.97642E-02 6.00104E-02 6.02562E-02 6.05016E-02 6.07467E-02 6.09914E-02 6.12360E-02 6.14802E-02 6.17242E-02 6.19679E-02 6.22113E-02 % total
];

TOT_MASS = [
0.00000E+00 0.00000E+00 0.00000E+00 0.00000E+00 0.00000E+00 0.00000E+00 0.00000E+00 0.00000E+00 0.00000E+00 0.00000E+00 0.00000E+00 0.00000E+00 % lost data
5.79702E+05 5.79644E+05 5.79587E+05 5.79531E+05 5.79477E+05 5.79423E+05 5.79371E+05 5.79321E+05 5.79271E+05 5.79223E+05 5.79175E+05 5.79129E+05 % total
];

TOT_A = [
0.00000E+00 0.00000E+00 0.00000E+00 0.00000E+00 0.00000E+00 0.00000E+00 0.00000E+00 0.00000E+00 0.00000E+00 0.00000E+00 0.00000E+00 0.00000E+00 % lost data
1.33709E+10 4.23030E+19 4.33391E+19 4.38132E+19 4.41996E+19 4.45426E+19 4.48604E+19 4.51618E+19 4.54439E+19 4.57153E+19 4.59840E+19 4.62585E+19 % total
];

TOT_H = [
0.00000E+00 0.00000E+00 0.00000E+00 0.00000E+00 0.00000E+00 0.00000E+00 0.00000E+00 0.00000E+00 0.00000E+00 0.00000E+00 0.00000E+00 0.00000E+00 % lost data
9.60207E-03 1.43394E+07 1.43332E+07 1.42524E+07 1.41859E+07 1.41317E+07 1.40874E+07 1.40493E+07 1.40145E+07 1.39827E+07 1.39526E+07 1.39249E+07 % total
];

TOT_SF = [
0.00000E+00 0.00000E+00 0.00000E+00 0.00000E+00 0.00000E+00 0.00000E+00 0.00000E+00 0.00000E+00 0.00000E+00 0.00000E+00 0.00000E+00 0.00000E+00 % lost data
2.82240E+05 3.17858E+05 4.62071E+05 9.36451E+05 2.30375E+06 5.51558E+06 1.19395E+07 2.33584E+07 4.19701E+07 7.03743E+07 1.11573E+08 1.68933E+08 % total
];

TOT_GSRC = [
0.00000E+00 0.00000E+00 0.00000E+00 0.00000E+00 0.00000E+00 0.00000E+00 0.00000E+00 0.00000E+00 0.00000E+00 0.00000E+00 0.00000E+00 0.00000E+00 % lost data
1.03421E+10 3.62853E+19 3.71639E+19 3.75269E+19 3.78304E+19 3.81103E+19 3.83787E+19 3.86411E+19 3.88909E+19 3.91341E+19 3.93788E+19 3.96319E+19 % total
];

TOT_ING_TOX = [
0.00000E+00 0.00000E+00 0.00000E+00 0.00000E+00 0.00000E+00 0.00000E+00 0.00000E+00 0.00000E+00 0.00000E+00 0.00000E+00 0.00000E+00 0.00000E+00 % lost data
6.18096E+02 1.62477E+10 1.83700E+10 1.93183E+10 1.99537E+10 2.04571E+10 2.08868E+10 2.12684E+10 2.16134E+10 2.19345E+10 2.22404E+10 2.25400E+10 % total
];

TOT_INH_TOX = [
0.00000E+00 0.00000E+00 0.00000E+00 0.00000E+00 0.00000E+00 0.00000E+00 0.00000E+00 0.00000E+00 0.00000E+00 0.00000E+00 0.00000E+00 0.00000E+00 % lost data
1.11068E+05 1.54405E+10 2.14650E+10 2.66583E+10 3.19240E+10 3.75243E+10 4.35845E+10 5.02009E+10 5.74648E+10 6.54946E+10 7.44238E+10 8.43941E+10 % total
];

BU = [ 0.00000E+00 1.00000E+01 2.00000E+01 3.00000E+01 4.00000E+01 5.00000E+01 6.00000E+01 7.00000E+01 8.00000E+01 9.00000E+01 1.00000E+02 1.10000E+02 ];

DAYS = [ 0.00000E+00 2.19604E+01 4.39208E+01 6.58813E+01 8.78417E+01 1.09802E+02 1.31763E+02 1.53723E+02 1.75683E+02 1.97644E+02 2.19604E+02 2.41565E+02 ];
