
DETflux_2 = [
    1    1    1    1    1    1    1    1    1    1  2.51028E+14 0.00457 
    2    1    1    1    1    1    1    1    1    2  2.47239E+14 0.00453 
    3    1    1    1    1    1    1    1    2    1  2.44685E+14 0.00447 
    4    1    1    1    1    1    1    1    2    2  2.43447E+14 0.00485 
    5    1    1    1    1    1    1    2    1    1  2.46030E+14 0.00460 
    6    1    1    1    1    1    1    2    1    2  2.45075E+14 0.00475 
    7    1    1    1    1    1    1    2    2    1  2.43892E+14 0.00469 
    8    1    1    1    1    1    1    2    2    2  2.42781E+14 0.00450 
];


DETflux_2X = [
-1.27500E+02  0.00000E+00 -6.37500E+01
 0.00000E+00  1.27500E+02  6.37500E+01
];

DETflux_2Y = [
-1.27500E+02  0.00000E+00 -6.37500E+01
 0.00000E+00  1.27500E+02  6.37500E+01
];

DETflux_2Z = [
 1.58000E+02  3.05500E+02  2.31750E+02
 3.05500E+02  4.53000E+02  3.79250E+02
];

DETflux_3 = [
    1    1    1    1    1    1    1    1    1    1  3.70913E+13 0.01395 
    2    1    1    1    1    1    1    1    1    2  1.80717E+14 0.00857 
    3    1    1    1    1    1    1    1    1    3  3.52449E+13 0.01429 
    4    1    1    1    1    1    1    1    2    1  1.80958E+14 0.00869 
    5    1    1    1    1    1    1    1    2    2  5.62149E+14 0.00526 
    6    1    1    1    1    1    1    1    2    3  1.80355E+14 0.00893 
    7    1    1    1    1    1    1    1    3    1  3.55722E+13 0.01439 
    8    1    1    1    1    1    1    1    3    2  1.73296E+14 0.00876 
    9    1    1    1    1    1    1    1    3    3  3.42833E+13 0.01532 
   10    1    1    1    1    1    1    2    1    1  9.77957E+13 0.00910 
   11    1    1    1    1    1    1    2    1    2  4.80837E+14 0.00539 
   12    1    1    1    1    1    1    2    1    3  9.71875E+13 0.00960 
   13    1    1    1    1    1    1    2    2    1  4.81237E+14 0.00547 
   14    1    1    1    1    1    1    2    2    2  1.51001E+15 0.00263 
   15    1    1    1    1    1    1    2    2    3  4.77446E+14 0.00519 
   16    1    1    1    1    1    1    2    3    1  9.66342E+13 0.00906 
   17    1    1    1    1    1    1    2    3    2  4.78183E+14 0.00554 
   18    1    1    1    1    1    1    2    3    3  9.37355E+13 0.00908 
   19    1    1    1    1    1    1    3    1    1  3.55496E+13 0.01460 
   20    1    1    1    1    1    1    3    1    2  1.76341E+14 0.00876 
   21    1    1    1    1    1    1    3    1    3  3.54540E+13 0.01481 
   22    1    1    1    1    1    1    3    2    1  1.76645E+14 0.00864 
   23    1    1    1    1    1    1    3    2    2  5.52724E+14 0.00527 
   24    1    1    1    1    1    1    3    2    3  1.73541E+14 0.00861 
   25    1    1    1    1    1    1    3    3    1  3.49685E+13 0.01485 
   26    1    1    1    1    1    1    3    3    2  1.77198E+14 0.00909 
   27    1    1    1    1    1    1    3    3    3  3.39339E+13 0.01515 
];


DETflux_3X = [
-1.27500E+02 -4.25000E+01 -8.50000E+01
-4.25000E+01  4.25000E+01  0.00000E+00
 4.25000E+01  1.27500E+02  8.50000E+01
];

DETflux_3Y = [
-1.27500E+02 -4.25000E+01 -8.50000E+01
-4.25000E+01  4.25000E+01  0.00000E+00
 4.25000E+01  1.27500E+02  8.50000E+01
];

DETflux_3Z = [
 1.58000E+02  2.56333E+02  2.07167E+02
 2.56333E+02  3.54667E+02  3.05500E+02
 3.54667E+02  4.53000E+02  4.03833E+02
];

DETflux_4 = [
    1    1    1    1    1    1    1    1    1    1  2.32403E+12 0.04378 
    2    1    1    1    1    1    1    1    1    2  5.68681E+13 0.01759 
    3    1    1    1    1    1    1    1    1    3  5.45555E+13 0.01743 
    4    1    1    1    1    1    1    1    1    4  1.74580E+12 0.04625 
    5    1    1    1    1    1    1    1    2    1  5.80805E+13 0.01656 
    6    1    1    1    1    1    1    1    2    2  3.03031E+14 0.00913 
    7    1    1    1    1    1    1    1    2    3  2.98170E+14 0.00886 
    8    1    1    1    1    1    1    1    2    4  5.39081E+13 0.01729 
    9    1    1    1    1    1    1    1    3    1  5.51519E+13 0.01734 
   10    1    1    1    1    1    1    1    3    2  2.94003E+14 0.00940 
   11    1    1    1    1    1    1    1    3    3  2.93392E+14 0.00996 
   12    1    1    1    1    1    1    1    3    4  5.39161E+13 0.01785 
   13    1    1    1    1    1    1    1    4    1  1.80067E+12 0.04699 
   14    1    1    1    1    1    1    1    4    2  5.27642E+13 0.01691 
   15    1    1    1    1    1    1    1    4    3  5.23248E+13 0.01755 
   16    1    1    1    1    1    1    1    4    4  1.86868E+12 0.04856 
   17    1    1    1    1    1    1    2    1    1  7.89598E+12 0.02451 
   18    1    1    1    1    1    1    2    1    2  2.15951E+14 0.00974 
   19    1    1    1    1    1    1    2    1    3  2.10699E+14 0.00968 
   20    1    1    1    1    1    1    2    1    4  7.14071E+12 0.02430 
   21    1    1    1    1    1    1    2    2    1  2.12345E+14 0.00958 
   22    1    1    1    1    1    1    2    2    2  1.15173E+15 0.00505 
   23    1    1    1    1    1    1    2    2    3  1.13949E+15 0.00505 
   24    1    1    1    1    1    1    2    2    4  2.12202E+14 0.00967 
   25    1    1    1    1    1    1    2    3    1  2.11458E+14 0.00955 
   26    1    1    1    1    1    1    2    3    2  1.12407E+15 0.00494 
   27    1    1    1    1    1    1    2    3    3  1.12094E+15 0.00506 
   28    1    1    1    1    1    1    2    3    4  2.10499E+14 0.01002 
   29    1    1    1    1    1    1    2    4    1  7.40047E+12 0.02341 
   30    1    1    1    1    1    1    2    4    2  2.10829E+14 0.00974 
   31    1    1    1    1    1    1    2    4    3  2.07340E+14 0.00968 
   32    1    1    1    1    1    1    2    4    4  7.28893E+12 0.02417 
   33    1    1    1    1    1    1    3    1    1  7.65970E+12 0.02460 
   34    1    1    1    1    1    1    3    1    2  2.09691E+14 0.00967 
   35    1    1    1    1    1    1    3    1    3  2.09989E+14 0.00962 
   36    1    1    1    1    1    1    3    1    4  7.50079E+12 0.02362 
   37    1    1    1    1    1    1    3    2    1  2.11262E+14 0.00982 
   38    1    1    1    1    1    1    3    2    2  1.12829E+15 0.00510 
   39    1    1    1    1    1    1    3    2    3  1.13374E+15 0.00519 
   40    1    1    1    1    1    1    3    2    4  2.07188E+14 0.00974 
   41    1    1    1    1    1    1    3    3    1  2.07304E+14 0.01005 
   42    1    1    1    1    1    1    3    3    2  1.12605E+15 0.00508 
   43    1    1    1    1    1    1    3    3    3  1.12517E+15 0.00485 
   44    1    1    1    1    1    1    3    3    4  2.04333E+14 0.00962 
   45    1    1    1    1    1    1    3    4    1  7.82522E+12 0.02373 
   46    1    1    1    1    1    1    3    4    2  2.11702E+14 0.00975 
   47    1    1    1    1    1    1    3    4    3  2.08996E+14 0.00995 
   48    1    1    1    1    1    1    3    4    4  7.18926E+12 0.02404 
   49    1    1    1    1    1    1    4    1    1  1.92499E+12 0.04359 
   50    1    1    1    1    1    1    4    1    2  5.54743E+13 0.01722 
   51    1    1    1    1    1    1    4    1    3  5.47659E+13 0.01783 
   52    1    1    1    1    1    1    4    1    4  1.97763E+12 0.04450 
   53    1    1    1    1    1    1    4    2    1  5.63363E+13 0.01742 
   54    1    1    1    1    1    1    4    2    2  2.97607E+14 0.00925 
   55    1    1    1    1    1    1    4    2    3  2.92639E+14 0.00947 
   56    1    1    1    1    1    1    4    2    4  5.28003E+13 0.01781 
   57    1    1    1    1    1    1    4    3    1  5.34328E+13 0.01822 
   58    1    1    1    1    1    1    4    3    2  2.87223E+14 0.00942 
   59    1    1    1    1    1    1    4    3    3  2.90539E+14 0.00956 
   60    1    1    1    1    1    1    4    3    4  5.09764E+13 0.01753 
   61    1    1    1    1    1    1    4    4    1  1.73666E+12 0.04851 
   62    1    1    1    1    1    1    4    4    2  5.58599E+13 0.01734 
   63    1    1    1    1    1    1    4    4    3  5.31823E+13 0.01789 
   64    1    1    1    1    1    1    4    4    4  1.86408E+12 0.04729 
];


