
DETflux_2 = [
    1    1    1    1    1    1    1    1    1    1  2.46271E+14 0.00126 
    2    1    1    1    1    1    1    1    1    2  2.46467E+14 0.00123 
    3    1    1    1    1    1    1    1    2    1  2.45265E+14 0.00126 
    4    1    1    1    1    1    1    1    2    2  2.45525E+14 0.00126 
    5    1    1    1    1    1    1    2    1    1  2.45272E+14 0.00124 
    6    1    1    1    1    1    1    2    1    2  2.45563E+14 0.00126 
    7    1    1    1    1    1    1    2    2    1  2.44802E+14 0.00126 
    8    1    1    1    1    1    1    2    2    2  2.46000E+14 0.00125 
];


DETflux_2X = [
-1.27500E+02  0.00000E+00 -6.37500E+01
 0.00000E+00  1.27500E+02  6.37500E+01
];

DETflux_2Y = [
-1.27500E+02  0.00000E+00 -6.37500E+01
 0.00000E+00  1.27500E+02  6.37500E+01
];

DETflux_2Z = [
 1.58000E+02  3.05500E+02  2.31750E+02
 3.05500E+02  4.53000E+02  3.79250E+02
];

DETflux_3 = [
    1    1    1    1    1    1    1    1    1    1  3.56829E+13 0.00387 
    2    1    1    1    1    1    1    1    1    2  1.78712E+14 0.00235 
    3    1    1    1    1    1    1    1    1    3  3.55625E+13 0.00384 
    4    1    1    1    1    1    1    1    2    1  1.78242E+14 0.00234 
    5    1    1    1    1    1    1    1    2    2  5.62139E+14 0.00149 
    6    1    1    1    1    1    1    1    2    3  1.78473E+14 0.00233 
    7    1    1    1    1    1    1    1    3    1  3.55477E+13 0.00383 
    8    1    1    1    1    1    1    1    3    2  1.77765E+14 0.00236 
    9    1    1    1    1    1    1    1    3    3  3.54145E+13 0.00386 
   10    1    1    1    1    1    1    2    1    1  9.57692E+13 0.00240 
   11    1    1    1    1    1    1    2    1    2  4.79307E+14 0.00144 
   12    1    1    1    1    1    1    2    1    3  9.57394E+13 0.00241 
   13    1    1    1    1    1    1    2    2    1  4.78930E+14 0.00142 
   14    1    1    1    1    1    1    2    2    2  1.50630E+15 0.00069 
   15    1    1    1    1    1    1    2    2    3  4.78420E+14 0.00141 
   16    1    1    1    1    1    1    2    3    1  9.51100E+13 0.00242 
   17    1    1    1    1    1    1    2    3    2  4.75621E+14 0.00140 
   18    1    1    1    1    1    1    2    3    3  9.56809E+13 0.00242 
   19    1    1    1    1    1    1    3    1    1  3.49855E+13 0.00380 
   20    1    1    1    1    1    1    3    1    2  1.77039E+14 0.00234 
   21    1    1    1    1    1    1    3    1    3  3.51770E+13 0.00383 
   22    1    1    1    1    1    1    3    2    1  1.77776E+14 0.00233 
   23    1    1    1    1    1    1    3    2    2  5.61762E+14 0.00147 
   24    1    1    1    1    1    1    3    2    3  1.77880E+14 0.00234 
   25    1    1    1    1    1    1    3    3    1  3.51772E+13 0.00385 
   26    1    1    1    1    1    1    3    3    2  1.78585E+14 0.00232 
   27    1    1    1    1    1    1    3    3    3  3.56348E+13 0.00384 
];


DETflux_3X = [
-1.27500E+02 -4.25000E+01 -8.50000E+01
-4.25000E+01  4.25000E+01  0.00000E+00
 4.25000E+01  1.27500E+02  8.50000E+01
];

DETflux_3Y = [
-1.27500E+02 -4.25000E+01 -8.50000E+01
-4.25000E+01  4.25000E+01  0.00000E+00
 4.25000E+01  1.27500E+02  8.50000E+01
];

DETflux_3Z = [
 1.58000E+02  2.56333E+02  2.07167E+02
 2.56333E+02  3.54667E+02  3.05500E+02
 3.54667E+02  4.53000E+02  4.03833E+02
];

DETflux_4 = [
    1    1    1    1    1    1    1    1    1    1  1.96853E+12 0.01182 
    2    1    1    1    1    1    1    1    1    2  5.49230E+13 0.00467 
    3    1    1    1    1    1    1    1    1    3  5.50285E+13 0.00468 
    4    1    1    1    1    1    1    1    1    4  1.95589E+12 0.01204 
    5    1    1    1    1    1    1    1    2    1  5.47219E+13 0.00461 
    6    1    1    1    1    1    1    1    2    2  2.98307E+14 0.00256 
    7    1    1    1    1    1    1    1    2    3  2.97503E+14 0.00252 
    8    1    1    1    1    1    1    1    2    4  5.43996E+13 0.00460 
    9    1    1    1    1    1    1    1    3    1  5.47947E+13 0.00467 
   10    1    1    1    1    1    1    1    3    2  2.95417E+14 0.00256 
   11    1    1    1    1    1    1    1    3    3  2.94691E+14 0.00249 
   12    1    1    1    1    1    1    1    3    4  5.48120E+13 0.00468 
   13    1    1    1    1    1    1    1    4    1  1.93645E+12 0.01188 
   14    1    1    1    1    1    1    1    4    2  5.47369E+13 0.00458 
   15    1    1    1    1    1    1    1    4    3  5.46541E+13 0.00464 
   16    1    1    1    1    1    1    1    4    4  1.94994E+12 0.01185 
   17    1    1    1    1    1    1    2    1    1  7.51842E+12 0.00628 
   18    1    1    1    1    1    1    2    1    2  2.08907E+14 0.00259 
   19    1    1    1    1    1    1    2    1    3  2.10644E+14 0.00258 
   20    1    1    1    1    1    1    2    1    4  7.34517E+12 0.00631 
   21    1    1    1    1    1    1    2    2    1  2.10006E+14 0.00260 
   22    1    1    1    1    1    1    2    2    2  1.13382E+15 0.00134 
   23    1    1    1    1    1    1    2    2    3  1.13579E+15 0.00132 
   24    1    1    1    1    1    1    2    2    4  2.09068E+14 0.00261 
   25    1    1    1    1    1    1    2    3    1  2.09155E+14 0.00261 
   26    1    1    1    1    1    1    2    3    2  1.13049E+15 0.00136 
   27    1    1    1    1    1    1    2    3    3  1.13225E+15 0.00135 
   28    1    1    1    1    1    1    2    3    4  2.09868E+14 0.00259 
   29    1    1    1    1    1    1    2    4    1  7.36866E+12 0.00633 
   30    1    1    1    1    1    1    2    4    2  2.08218E+14 0.00260 
   31    1    1    1    1    1    1    2    4    3  2.08598E+14 0.00259 
   32    1    1    1    1    1    1    2    4    4  7.37094E+12 0.00630 
   33    1    1    1    1    1    1    3    1    1  7.41718E+12 0.00627 
   34    1    1    1    1    1    1    3    1    2  2.09295E+14 0.00263 
   35    1    1    1    1    1    1    3    1    3  2.09422E+14 0.00263 
   36    1    1    1    1    1    1    3    1    4  7.42228E+12 0.00637 
   37    1    1    1    1    1    1    3    2    1  2.09569E+14 0.00260 
   38    1    1    1    1    1    1    3    2    2  1.13087E+15 0.00133 
   39    1    1    1    1    1    1    3    2    3  1.13349E+15 0.00136 
   40    1    1    1    1    1    1    3    2    4  2.08663E+14 0.00262 
   41    1    1    1    1    1    1    3    3    1  2.09027E+14 0.00258 
   42    1    1    1    1    1    1    3    3    2  1.12781E+15 0.00136 
   43    1    1    1    1    1    1    3    3    3  1.13337E+15 0.00136 
   44    1    1    1    1    1    1    3    3    4  2.09192E+14 0.00259 
   45    1    1    1    1    1    1    3    4    1  7.37287E+12 0.00633 
   46    1    1    1    1    1    1    3    4    2  2.06960E+14 0.00260 
   47    1    1    1    1    1    1    3    4    3  2.09218E+14 0.00256 
   48    1    1    1    1    1    1    3    4    4  7.50563E+12 0.00638 
   49    1    1    1    1    1    1    4    1    1  1.90511E+12 0.01202 
   50    1    1    1    1    1    1    4    1    2  5.41368E+13 0.00469 
   51    1    1    1    1    1    1    4    1    3  5.43914E+13 0.00472 
   52    1    1    1    1    1    1    4    1    4  1.95857E+12 0.01196 
   53    1    1    1    1    1    1    4    2    1  5.41606E+13 0.00468 
   54    1    1    1    1    1    1    4    2    2  2.94817E+14 0.00251 
   55    1    1    1    1    1    1    4    2    3  2.95268E+14 0.00254 
   56    1    1    1    1    1    1    4    2    4  5.38942E+13 0.00471 
   57    1    1    1    1    1    1    4    3    1  5.47538E+13 0.00463 
   58    1    1    1    1    1    1    4    3    2  2.96030E+14 0.00253 
   59    1    1    1    1    1    1    4    3    3  2.97234E+14 0.00252 
   60    1    1    1    1    1    1    4    3    4  5.47874E+13 0.00471 
   61    1    1    1    1    1    1    4    4    1  1.93687E+12 0.01199 
   62    1    1    1    1    1    1    4    4    2  5.45245E+13 0.00467 
   63    1    1    1    1    1    1    4    4    3  5.47596E+13 0.00459 
   64    1    1    1    1    1    1    4    4    4  1.93769E+12 0.01195 
];


