
DETflux = [
    1    1    1    1    1    1    1    1    1    1  1.37862E+21 0.00023 
];


DETflux_spectrum = [
    1    1    1    1    1    1    1    1    1    1  1.93602E+17 0.00494 
    2    2    1    1    1    1    1    1    1    1  1.18661E+18 0.00218 
    3    3    1    1    1    1    1    1    1    1  9.77332E+17 0.00243 
    4    4    1    1    1    1    1    1    1    1  1.18600E+19 0.00084 
    5    5    1    1    1    1    1    1    1    1  5.19349E+18 0.00112 
    6    6    1    1    1    1    1    1    1    1  1.31336E+19 0.00078 
    7    7    1    1    1    1    1    1    1    1  1.54328E+19 0.00073 
    8    8    1    1    1    1    1    1    1    1  3.50460E+19 0.00056 
    9    9    1    1    1    1    1    1    1    1  5.76131E+19 0.00050 
   10   10    1    1    1    1    1    1    1    1  9.33632E+19 0.00045 
   11   11    1    1    1    1    1    1    1    1  7.86060E+19 0.00045 
   12   12    1    1    1    1    1    1    1    1  3.26820E+19 0.00052 
   13   13    1    1    1    1    1    1    1    1  2.83728E+19 0.00054 
   14   14    1    1    1    1    1    1    1    1  2.46307E+19 0.00055 
   15   15    1    1    1    1    1    1    1    1  3.92753E+19 0.00049 
   16   16    1    1    1    1    1    1    1    1  1.56659E+19 0.00062 
   17   17    1    1    1    1    1    1    1    1  1.34480E+19 0.00065 
   18   18    1    1    1    1    1    1    1    1  1.15738E+19 0.00069 
   19   19    1    1    1    1    1    1    1    1  5.63481E+19 0.00044 
   20   20    1    1    1    1    1    1    1    1  3.37784E+19 0.00047 
   21   21    1    1    1    1    1    1    1    1  3.30281E+19 0.00045 
   22   22    1    1    1    1    1    1    1    1  2.86020E+19 0.00045 
   23   23    1    1    1    1    1    1    1    1  2.42220E+19 0.00047 
   24   24    1    1    1    1    1    1    1    1  1.21145E+19 0.00059 
   25   25    1    1    1    1    1    1    1    1  1.54789E+19 0.00054 
   26   26    1    1    1    1    1    1    1    1  1.15199E+19 0.00060 
   27   27    1    1    1    1    1    1    1    1  6.11139E+19 0.00035 
   28   28    1    1    1    1    1    1    1    1  6.99835E+19 0.00035 
   29   29    1    1    1    1    1    1    1    1  1.02057E+20 0.00033 
   30   30    1    1    1    1    1    1    1    1  1.03296E+20 0.00033 
   31   31    1    1    1    1    1    1    1    1  1.07450E+20 0.00033 
   32   32    1    1    1    1    1    1    1    1  2.43262E+19 0.00047 
   33   33    1    1    1    1    1    1    1    1  7.33517E+19 0.00036 
   34   34    1    1    1    1    1    1    1    1  4.54508E+19 0.00045 
   35   35    1    1    1    1    1    1    1    1  3.95623E+19 0.00050 
   36   36    1    1    1    1    1    1    1    1  2.05862E+19 0.00069 
   37   37    1    1    1    1    1    1    1    1  1.23017E+19 0.00093 
   38   38    1    1    1    1    1    1    1    1  8.96527E+18 0.00112 
   39   39    1    1    1    1    1    1    1    1  1.70920E+18 0.00248 
   40   40    1    1    1    1    1    1    1    1  4.93329E+18 0.00145 
   41   41    1    1    1    1    1    1    1    1  7.37438E+18 0.00130 
   42   42    1    1    1    1    1    1    1    1  1.95639E+18 0.00291 
   43   43    1    1    1    1    1    1    1    1  6.22346E+17 0.00547 
   44   44    1    1    1    1    1    1    1    1  2.29303E+17 0.00853 
];


DETflux_spectrumE = [
 1.00000E-11  3.00000E-09  1.50500E-09
 3.00000E-09  7.50000E-09  5.25000E-09
 7.50000E-09  1.00000E-08  8.75000E-09
 1.00000E-08  2.53000E-08  1.76500E-08
 2.53000E-08  3.00000E-08  2.76500E-08
 3.00000E-08  4.00000E-08  3.50000E-08
 4.00000E-08  5.00000E-08  4.50000E-08
 5.00000E-08  7.00000E-08  6.00000E-08
 7.00000E-08  1.00000E-07  8.50000E-08
 1.00000E-07  1.50000E-07  1.25000E-07
 1.50000E-07  2.00000E-07  1.75000E-07
 2.00000E-07  2.25000E-07  2.12500E-07
 2.25000E-07  2.50000E-07  2.37500E-07
 2.50000E-07  2.75000E-07  2.62500E-07
 2.75000E-07  3.25000E-07  3.00000E-07
 3.25000E-07  3.50000E-07  3.37500E-07
 3.50000E-07  3.75000E-07  3.62500E-07
 3.75000E-07  4.00000E-07  3.87500E-07
 4.00000E-07  6.25000E-07  5.12500E-07
 6.25000E-07  1.00000E-06  8.12500E-07
 1.00000E-06  1.77000E-06  1.38500E-06
 1.77000E-06  3.00000E-06  2.38500E-06
 3.00000E-06  4.75000E-06  3.87500E-06
 4.75000E-06  6.00000E-06  5.37500E-06
 6.00000E-06  8.10000E-06  7.05000E-06
 8.10000E-06  1.00000E-05  9.05000E-06
 1.00000E-05  3.00000E-05  2.00000E-05
 3.00000E-05  1.00000E-04  6.50000E-05
 1.00000E-04  5.50000E-04  3.25000E-04
 5.50000E-04  3.00000E-03  1.77500E-03
 3.00000E-03  1.70000E-02  1.00000E-02
 1.70000E-02  2.50000E-02  2.10000E-02
 2.50000E-02  1.00000E-01  6.25000E-02
 1.00000E-01  4.00000E-01  2.50000E-01
 4.00000E-01  9.00000E-01  6.50000E-01
 9.00000E-01  1.40000E+00  1.15000E+00
 1.40000E+00  1.85000E+00  1.62500E+00
 1.85000E+00  2.35400E+00  2.10200E+00
 2.35400E+00  2.47900E+00  2.41650E+00
 2.47900E+00  3.00000E+00  2.73950E+00
 3.00000E+00  4.80000E+00  3.90000E+00
 4.80000E+00  6.43400E+00  5.61700E+00
 6.43400E+00  8.18730E+00  7.31065E+00
 8.18730E+00  2.00000E+01  1.40937E+01
];

DETflux_1 = [
    1    1    1    1    1    1    1    1    1    1  6.23669E+21 0.00023 
];


DETflux_1X = [
-2.00000E+00  2.00000E+00  0.00000E+00
];

DETflux_1Y = [
-2.00000E+00  2.00000E+00  0.00000E+00
];

DETflux_1Z = [
-2.00000E+00  2.00000E+00  0.00000E+00
];

DETsample_1 = [
    1    1    1    1    1    1    1    1    1    1  1.37862E+21 0.00023 
];

