
DETflux = [
    1    1    1    1    1    1    1    1    1    1  1.37097E+21 0.00070 
];


DETflux_spectrum = [
    1    1    1    1    1    1    1    1    1    1  1.93126E+17 0.01564 
    2    2    1    1    1    1    1    1    1    1  1.17903E+18 0.00672 
    3    3    1    1    1    1    1    1    1    1  9.79014E+17 0.00764 
    4    4    1    1    1    1    1    1    1    1  1.18259E+19 0.00262 
    5    5    1    1    1    1    1    1    1    1  5.18499E+18 0.00350 
    6    6    1    1    1    1    1    1    1    1  1.31278E+19 0.00238 
    7    7    1    1    1    1    1    1    1    1  1.53791E+19 0.00226 
    8    8    1    1    1    1    1    1    1    1  3.49672E+19 0.00184 
    9    9    1    1    1    1    1    1    1    1  5.74543E+19 0.00150 
   10   10    1    1    1    1    1    1    1    1  9.31558E+19 0.00141 
   11   11    1    1    1    1    1    1    1    1  7.81107E+19 0.00140 
   12   12    1    1    1    1    1    1    1    1  3.25490E+19 0.00159 
   13   13    1    1    1    1    1    1    1    1  2.82614E+19 0.00166 
   14   14    1    1    1    1    1    1    1    1  2.45888E+19 0.00178 
   15   15    1    1    1    1    1    1    1    1  3.91340E+19 0.00155 
   16   16    1    1    1    1    1    1    1    1  1.56377E+19 0.00194 
   17   17    1    1    1    1    1    1    1    1  1.33748E+19 0.00205 
   18   18    1    1    1    1    1    1    1    1  1.15479E+19 0.00219 
   19   19    1    1    1    1    1    1    1    1  5.60067E+19 0.00138 
   20   20    1    1    1    1    1    1    1    1  3.34962E+19 0.00147 
   21   21    1    1    1    1    1    1    1    1  3.27050E+19 0.00146 
   22   22    1    1    1    1    1    1    1    1  2.83109E+19 0.00141 
   23   23    1    1    1    1    1    1    1    1  2.40021E+19 0.00151 
   24   24    1    1    1    1    1    1    1    1  1.19631E+19 0.00190 
   25   25    1    1    1    1    1    1    1    1  1.53445E+19 0.00170 
   26   26    1    1    1    1    1    1    1    1  1.13875E+19 0.00196 
   27   27    1    1    1    1    1    1    1    1  6.04466E+19 0.00110 
   28   28    1    1    1    1    1    1    1    1  6.96262E+19 0.00108 
   29   29    1    1    1    1    1    1    1    1  1.02294E+20 0.00099 
   30   30    1    1    1    1    1    1    1    1  1.03441E+20 0.00098 
   31   31    1    1    1    1    1    1    1    1  1.06935E+20 0.00100 
   32   32    1    1    1    1    1    1    1    1  2.41197E+19 0.00143 
   33   33    1    1    1    1    1    1    1    1  7.27307E+19 0.00114 
   34   34    1    1    1    1    1    1    1    1  4.46950E+19 0.00140 
   35   35    1    1    1    1    1    1    1    1  3.90694E+19 0.00152 
   36   36    1    1    1    1    1    1    1    1  2.02849E+19 0.00219 
   37   37    1    1    1    1    1    1    1    1  1.21247E+19 0.00292 
   38   38    1    1    1    1    1    1    1    1  8.82683E+18 0.00347 
   39   39    1    1    1    1    1    1    1    1  1.66852E+18 0.00775 
   40   40    1    1    1    1    1    1    1    1  4.84466E+18 0.00457 
   41   41    1    1    1    1    1    1    1    1  7.21968E+18 0.00382 
   42   42    1    1    1    1    1    1    1    1  1.92085E+18 0.00943 
   43   43    1    1    1    1    1    1    1    1  6.29935E+17 0.01653 
   44   44    1    1    1    1    1    1    1    1  2.23589E+17 0.02682 
];


DETflux_spectrumE = [
 1.00000E-11  3.00000E-09  1.50500E-09
 3.00000E-09  7.50000E-09  5.25000E-09
 7.50000E-09  1.00000E-08  8.75000E-09
 1.00000E-08  2.53000E-08  1.76500E-08
 2.53000E-08  3.00000E-08  2.76500E-08
 3.00000E-08  4.00000E-08  3.50000E-08
 4.00000E-08  5.00000E-08  4.50000E-08
 5.00000E-08  7.00000E-08  6.00000E-08
 7.00000E-08  1.00000E-07  8.50000E-08
 1.00000E-07  1.50000E-07  1.25000E-07
 1.50000E-07  2.00000E-07  1.75000E-07
 2.00000E-07  2.25000E-07  2.12500E-07
 2.25000E-07  2.50000E-07  2.37500E-07
 2.50000E-07  2.75000E-07  2.62500E-07
 2.75000E-07  3.25000E-07  3.00000E-07
 3.25000E-07  3.50000E-07  3.37500E-07
 3.50000E-07  3.75000E-07  3.62500E-07
 3.75000E-07  4.00000E-07  3.87500E-07
 4.00000E-07  6.25000E-07  5.12500E-07
 6.25000E-07  1.00000E-06  8.12500E-07
 1.00000E-06  1.77000E-06  1.38500E-06
 1.77000E-06  3.00000E-06  2.38500E-06
 3.00000E-06  4.75000E-06  3.87500E-06
 4.75000E-06  6.00000E-06  5.37500E-06
 6.00000E-06  8.10000E-06  7.05000E-06
 8.10000E-06  1.00000E-05  9.05000E-06
 1.00000E-05  3.00000E-05  2.00000E-05
 3.00000E-05  1.00000E-04  6.50000E-05
 1.00000E-04  5.50000E-04  3.25000E-04
 5.50000E-04  3.00000E-03  1.77500E-03
 3.00000E-03  1.70000E-02  1.00000E-02
 1.70000E-02  2.50000E-02  2.10000E-02
 2.50000E-02  1.00000E-01  6.25000E-02
 1.00000E-01  4.00000E-01  2.50000E-01
 4.00000E-01  9.00000E-01  6.50000E-01
 9.00000E-01  1.40000E+00  1.15000E+00
 1.40000E+00  1.85000E+00  1.62500E+00
 1.85000E+00  2.35400E+00  2.10200E+00
 2.35400E+00  2.47900E+00  2.41650E+00
 2.47900E+00  3.00000E+00  2.73950E+00
 3.00000E+00  4.80000E+00  3.90000E+00
 4.80000E+00  6.43400E+00  5.61700E+00
 6.43400E+00  8.18730E+00  7.31065E+00
 8.18730E+00  2.00000E+01  1.40937E+01
];

DETflux_1 = [
    1    1    1    1    1    1    1    1    1    1  6.20332E+21 0.00069 
];


DETflux_1X = [
-2.00000E+00  2.00000E+00  0.00000E+00
];

DETflux_1Y = [
-2.00000E+00  2.00000E+00  0.00000E+00
];

DETflux_1Z = [
-2.00000E+00  2.00000E+00  0.00000E+00
];

DETsample_1 = [
    1    1    1    1    1    1    1    1    1    1  1.37097E+21 0.00070 
];

