
DETflux = [
    1    1    1    1    1    1    1    1    1    1  9.20104E+20 0.00006 
];


DETflux_spectrum = [
    1    1    1    1    1    1    1    1    1    1  2.45233E+17 0.00091 
    2    2    1    1    1    1    1    1    1    1  1.46317E+18 0.00040 
    3    3    1    1    1    1    1    1    1    1  1.23957E+18 0.00043 
    4    4    1    1    1    1    1    1    1    1  1.45568E+19 0.00015 
    5    5    1    1    1    1    1    1    1    1  6.33030E+18 0.00020 
    6    6    1    1    1    1    1    1    1    1  1.58139E+19 0.00014 
    7    7    1    1    1    1    1    1    1    1  1.82751E+19 0.00013 
    8    8    1    1    1    1    1    1    1    1  4.08425E+19 0.00011 
    9    9    1    1    1    1    1    1    1    1  6.52015E+19 0.00009 
   10   10    1    1    1    1    1    1    1    1  1.00990E+20 0.00009 
   11   11    1    1    1    1    1    1    1    1  8.04004E+19 0.00009 
   12   12    1    1    1    1    1    1    1    1  3.20082E+19 0.00011 
   13   13    1    1    1    1    1    1    1    1  2.69649E+19 0.00011 
   14   14    1    1    1    1    1    1    1    1  2.27073E+19 0.00012 
   15   15    1    1    1    1    1    1    1    1  3.45306E+19 0.00010 
   16   16    1    1    1    1    1    1    1    1  1.30753E+19 0.00014 
   17   17    1    1    1    1    1    1    1    1  1.08209E+19 0.00015 
   18   18    1    1    1    1    1    1    1    1  8.98272E+18 0.00016 
   19   19    1    1    1    1    1    1    1    1  3.79270E+19 0.00010 
   20   20    1    1    1    1    1    1    1    1  1.78039E+19 0.00013 
   21   21    1    1    1    1    1    1    1    1  1.66677E+19 0.00013 
   22   22    1    1    1    1    1    1    1    1  1.44366E+19 0.00014 
   23   23    1    1    1    1    1    1    1    1  1.22268E+19 0.00014 
   24   24    1    1    1    1    1    1    1    1  6.08350E+18 0.00018 
   25   25    1    1    1    1    1    1    1    1  7.62758E+18 0.00017 
   26   26    1    1    1    1    1    1    1    1  5.55667E+18 0.00019 
   27   27    1    1    1    1    1    1    1    1  2.89179E+19 0.00011 
   28   28    1    1    1    1    1    1    1    1  3.17533E+19 0.00010 
   29   29    1    1    1    1    1    1    1    1  4.51931E+19 0.00009 
   30   30    1    1    1    1    1    1    1    1  4.52709E+19 0.00009 
   31   31    1    1    1    1    1    1    1    1  4.69540E+19 0.00009 
   32   32    1    1    1    1    1    1    1    1  1.05656E+19 0.00015 
   33   33    1    1    1    1    1    1    1    1  3.11271E+19 0.00011 
   34   34    1    1    1    1    1    1    1    1  1.89914E+19 0.00014 
   35   35    1    1    1    1    1    1    1    1  1.76894E+19 0.00015 
   36   36    1    1    1    1    1    1    1    1  9.87809E+18 0.00020 
   37   37    1    1    1    1    1    1    1    1  6.19852E+18 0.00026 
   38   38    1    1    1    1    1    1    1    1  4.76519E+18 0.00031 
   39   39    1    1    1    1    1    1    1    1  9.30617E+17 0.00070 
   40   40    1    1    1    1    1    1    1    1  2.86534E+18 0.00039 
   41   41    1    1    1    1    1    1    1    1  4.48522E+18 0.00032 
   42   42    1    1    1    1    1    1    1    1  1.20750E+18 0.00074 
   43   43    1    1    1    1    1    1    1    1  3.88287E+17 0.00138 
   44   44    1    1    1    1    1    1    1    1  1.43846E+17 0.00212 
];


DETflux_spectrumE = [
 1.00000E-11  3.00000E-09  1.50500E-09
 3.00000E-09  7.50000E-09  5.25000E-09
 7.50000E-09  1.00000E-08  8.75000E-09
 1.00000E-08  2.53000E-08  1.76500E-08
 2.53000E-08  3.00000E-08  2.76500E-08
 3.00000E-08  4.00000E-08  3.50000E-08
 4.00000E-08  5.00000E-08  4.50000E-08
 5.00000E-08  7.00000E-08  6.00000E-08
 7.00000E-08  1.00000E-07  8.50000E-08
 1.00000E-07  1.50000E-07  1.25000E-07
 1.50000E-07  2.00000E-07  1.75000E-07
 2.00000E-07  2.25000E-07  2.12500E-07
 2.25000E-07  2.50000E-07  2.37500E-07
 2.50000E-07  2.75000E-07  2.62500E-07
 2.75000E-07  3.25000E-07  3.00000E-07
 3.25000E-07  3.50000E-07  3.37500E-07
 3.50000E-07  3.75000E-07  3.62500E-07
 3.75000E-07  4.00000E-07  3.87500E-07
 4.00000E-07  6.25000E-07  5.12500E-07
 6.25000E-07  1.00000E-06  8.12500E-07
 1.00000E-06  1.77000E-06  1.38500E-06
 1.77000E-06  3.00000E-06  2.38500E-06
 3.00000E-06  4.75000E-06  3.87500E-06
 4.75000E-06  6.00000E-06  5.37500E-06
 6.00000E-06  8.10000E-06  7.05000E-06
 8.10000E-06  1.00000E-05  9.05000E-06
 1.00000E-05  3.00000E-05  2.00000E-05
 3.00000E-05  1.00000E-04  6.50000E-05
 1.00000E-04  5.50000E-04  3.25000E-04
 5.50000E-04  3.00000E-03  1.77500E-03
 3.00000E-03  1.70000E-02  1.00000E-02
 1.70000E-02  2.50000E-02  2.10000E-02
 2.50000E-02  1.00000E-01  6.25000E-02
 1.00000E-01  4.00000E-01  2.50000E-01
 4.00000E-01  9.00000E-01  6.50000E-01
 9.00000E-01  1.40000E+00  1.15000E+00
 1.40000E+00  1.85000E+00  1.62500E+00
 1.85000E+00  2.35400E+00  2.10200E+00
 2.35400E+00  2.47900E+00  2.41650E+00
 2.47900E+00  3.00000E+00  2.73950E+00
 3.00000E+00  4.80000E+00  3.90000E+00
 4.80000E+00  6.43400E+00  5.61700E+00
 6.43400E+00  8.18730E+00  7.31065E+00
 8.18730E+00  2.00000E+01  1.40937E+01
];

DETflux_1 = [
    1    1    1    1    1    1    1    1    1    1  1.39638E+22 0.00006 
];


DETflux_1X = [
-3.00000E+00  3.00000E+00  0.00000E+00
];

DETflux_1Y = [
-3.00000E+00  3.00000E+00  0.00000E+00
];

DETflux_1Z = [
-3.00000E+00  3.00000E+00  0.00000E+00
];

DETsample_1 = [
    1    1    1    1    1    1    1    1    1    1  9.20104E+20 0.00006 
];

