
DETflux = [
    1    1    1    1    1    1    1    1    1    1  9.21044E+20 0.00034 
];


DETflux_spectrum = [
    1    1    1    1    1    1    1    1    1    1  2.46620E+17 0.00494 
    2    2    1    1    1    1    1    1    1    1  1.46547E+18 0.00218 
    3    3    1    1    1    1    1    1    1    1  1.23690E+18 0.00240 
    4    4    1    1    1    1    1    1    1    1  1.45815E+19 0.00082 
    5    5    1    1    1    1    1    1    1    1  6.34294E+18 0.00112 
    6    6    1    1    1    1    1    1    1    1  1.58121E+19 0.00078 
    7    7    1    1    1    1    1    1    1    1  1.82845E+19 0.00073 
    8    8    1    1    1    1    1    1    1    1  4.09014E+19 0.00058 
    9    9    1    1    1    1    1    1    1    1  6.52650E+19 0.00052 
   10   10    1    1    1    1    1    1    1    1  1.01109E+20 0.00048 
   11   11    1    1    1    1    1    1    1    1  8.04623E+19 0.00050 
   12   12    1    1    1    1    1    1    1    1  3.20486E+19 0.00059 
   13   13    1    1    1    1    1    1    1    1  2.69902E+19 0.00061 
   14   14    1    1    1    1    1    1    1    1  2.27312E+19 0.00064 
   15   15    1    1    1    1    1    1    1    1  3.45740E+19 0.00058 
   16   16    1    1    1    1    1    1    1    1  1.30782E+19 0.00076 
   17   17    1    1    1    1    1    1    1    1  1.08338E+19 0.00081 
   18   18    1    1    1    1    1    1    1    1  8.98979E+18 0.00086 
   19   19    1    1    1    1    1    1    1    1  3.79675E+19 0.00057 
   20   20    1    1    1    1    1    1    1    1  1.78244E+19 0.00070 
   21   21    1    1    1    1    1    1    1    1  1.66895E+19 0.00072 
   22   22    1    1    1    1    1    1    1    1  1.44528E+19 0.00075 
   23   23    1    1    1    1    1    1    1    1  1.22403E+19 0.00078 
   24   24    1    1    1    1    1    1    1    1  6.09584E+18 0.00101 
   25   25    1    1    1    1    1    1    1    1  7.64014E+18 0.00093 
   26   26    1    1    1    1    1    1    1    1  5.55508E+18 0.00105 
   27   27    1    1    1    1    1    1    1    1  2.89247E+19 0.00059 
   28   28    1    1    1    1    1    1    1    1  3.17657E+19 0.00057 
   29   29    1    1    1    1    1    1    1    1  4.52269E+19 0.00052 
   30   30    1    1    1    1    1    1    1    1  4.53260E+19 0.00051 
   31   31    1    1    1    1    1    1    1    1  4.70114E+19 0.00051 
   32   32    1    1    1    1    1    1    1    1  1.05792E+19 0.00082 
   33   33    1    1    1    1    1    1    1    1  3.11500E+19 0.00059 
   34   34    1    1    1    1    1    1    1    1  1.90060E+19 0.00074 
   35   35    1    1    1    1    1    1    1    1  1.77196E+19 0.00081 
   36   36    1    1    1    1    1    1    1    1  9.89820E+18 0.00110 
   37   37    1    1    1    1    1    1    1    1  6.20431E+18 0.00145 
   38   38    1    1    1    1    1    1    1    1  4.77343E+18 0.00170 
   39   39    1    1    1    1    1    1    1    1  9.33655E+17 0.00384 
   40   40    1    1    1    1    1    1    1    1  2.85860E+18 0.00213 
   41   41    1    1    1    1    1    1    1    1  4.49827E+18 0.00177 
   42   42    1    1    1    1    1    1    1    1  1.20843E+18 0.00406 
   43   43    1    1    1    1    1    1    1    1  3.91192E+17 0.00755 
   44   44    1    1    1    1    1    1    1    1  1.48810E+17 0.01155 
];


DETflux_spectrumE = [
 1.00000E-11  3.00000E-09  1.50500E-09
 3.00000E-09  7.50000E-09  5.25000E-09
 7.50000E-09  1.00000E-08  8.75000E-09
 1.00000E-08  2.53000E-08  1.76500E-08
 2.53000E-08  3.00000E-08  2.76500E-08
 3.00000E-08  4.00000E-08  3.50000E-08
 4.00000E-08  5.00000E-08  4.50000E-08
 5.00000E-08  7.00000E-08  6.00000E-08
 7.00000E-08  1.00000E-07  8.50000E-08
 1.00000E-07  1.50000E-07  1.25000E-07
 1.50000E-07  2.00000E-07  1.75000E-07
 2.00000E-07  2.25000E-07  2.12500E-07
 2.25000E-07  2.50000E-07  2.37500E-07
 2.50000E-07  2.75000E-07  2.62500E-07
 2.75000E-07  3.25000E-07  3.00000E-07
 3.25000E-07  3.50000E-07  3.37500E-07
 3.50000E-07  3.75000E-07  3.62500E-07
 3.75000E-07  4.00000E-07  3.87500E-07
 4.00000E-07  6.25000E-07  5.12500E-07
 6.25000E-07  1.00000E-06  8.12500E-07
 1.00000E-06  1.77000E-06  1.38500E-06
 1.77000E-06  3.00000E-06  2.38500E-06
 3.00000E-06  4.75000E-06  3.87500E-06
 4.75000E-06  6.00000E-06  5.37500E-06
 6.00000E-06  8.10000E-06  7.05000E-06
 8.10000E-06  1.00000E-05  9.05000E-06
 1.00000E-05  3.00000E-05  2.00000E-05
 3.00000E-05  1.00000E-04  6.50000E-05
 1.00000E-04  5.50000E-04  3.25000E-04
 5.50000E-04  3.00000E-03  1.77500E-03
 3.00000E-03  1.70000E-02  1.00000E-02
 1.70000E-02  2.50000E-02  2.10000E-02
 2.50000E-02  1.00000E-01  6.25000E-02
 1.00000E-01  4.00000E-01  2.50000E-01
 4.00000E-01  9.00000E-01  6.50000E-01
 9.00000E-01  1.40000E+00  1.15000E+00
 1.40000E+00  1.85000E+00  1.62500E+00
 1.85000E+00  2.35400E+00  2.10200E+00
 2.35400E+00  2.47900E+00  2.41650E+00
 2.47900E+00  3.00000E+00  2.73950E+00
 3.00000E+00  4.80000E+00  3.90000E+00
 4.80000E+00  6.43400E+00  5.61700E+00
 6.43400E+00  8.18730E+00  7.31065E+00
 8.18730E+00  2.00000E+01  1.40937E+01
];

DETflux_1 = [
    1    1    1    1    1    1    1    1    1    1  1.39765E+22 0.00033 
];


DETflux_1X = [
-3.00000E+00  3.00000E+00  0.00000E+00
];

DETflux_1Y = [
-3.00000E+00  3.00000E+00  0.00000E+00
];

DETflux_1Z = [
-3.00000E+00  3.00000E+00  0.00000E+00
];

DETsample_1 = [
    1    1    1    1    1    1    1    1    1    1  9.21044E+20 0.00034 
];

