
DETflux = [
    1    1    1    1    1    1    1    1    1    1  1.15007E+20 0.00008 
    2    1    1    1    1    2    1    1    1    1  1.15023E+20 0.00008 
    3    1    1    1    1    3    1    1    1    1  1.15023E+20 0.00008 
    4    1    1    1    1    4    1    1    1    1  1.15020E+20 0.00008 
    5    1    1    1    1    5    1    1    1    1  1.15024E+20 0.00008 
    6    1    1    1    1    6    1    1    1    1  1.15023E+20 0.00008 
    7    1    1    1    1    7    1    1    1    1  1.15026E+20 0.00008 
    8    1    1    1    1    8    1    1    1    1  1.15025E+20 0.00008 
];


DETflibe = [
    1    1    1    1    1    1    1    1    1    1  1.30450E+22 0.00006 
];


DETflux_1 = [
    1    1    1    1    1    1    1    1    1    1  1.39652E+22 0.00006 
];


DETflux_1X = [
-6.00000E+00  6.00000E+00  0.00000E+00
];

DETflux_1Y = [
-6.00000E+00  6.00000E+00  0.00000E+00
];

DETflux_1Z = [
-6.00000E+00  6.00000E+00  0.00000E+00
];

DETflux_2_aligned = [
    1    1    1    1    1    1    1    1    1    1  1.74559E+21 0.00006 
    2    1    1    1    1    1    1    1    1    2  1.74565E+21 0.00006 
    3    1    1    1    1    1    1    1    2    1  1.74564E+21 0.00006 
    4    1    1    1    1    1    1    1    2    2  1.74566E+21 0.00006 
    5    1    1    1    1    1    1    2    1    1  1.74569E+21 0.00006 
    6    1    1    1    1    1    1    2    1    2  1.74563E+21 0.00006 
    7    1    1    1    1    1    1    2    2    1  1.74568E+21 0.00006 
    8    1    1    1    1    1    1    2    2    2  1.74568E+21 0.00006 
];


DETflux_2_alignedX = [
-6.00000E+00  0.00000E+00 -3.00000E+00
 0.00000E+00  6.00000E+00  3.00000E+00
];

DETflux_2_alignedY = [
-6.00000E+00  0.00000E+00 -3.00000E+00
 0.00000E+00  6.00000E+00  3.00000E+00
];

DETflux_2_alignedZ = [
-6.00000E+00  0.00000E+00 -3.00000E+00
 0.00000E+00  6.00000E+00  3.00000E+00
];

DETflux_2_mis_neg = [
    1    1    1    1    1    1    1    1    1    1  1.01093E+21 0.00006 
    2    1    1    1    1    1    1    1    1    2  1.21283E+21 0.00006 
    3    1    1    1    1    1    1    1    2    1  1.21281E+21 0.00006 
    4    1    1    1    1    1    1    1    2    2  1.45506E+21 0.00006 
    5    1    1    1    1    1    1    2    1    1  1.21285E+21 0.00006 
    6    1    1    1    1    1    1    2    1    2  1.45503E+21 0.00006 
    7    1    1    1    1    1    1    2    2    1  1.45505E+21 0.00006 
    8    1    1    1    1    1    1    2    2    2  1.74566E+21 0.00006 
];


DETflux_2_mis_negX = [
-7.00000E+00 -1.00000E+00 -4.00000E+00
-1.00000E+00  5.00000E+00  2.00000E+00
];

DETflux_2_mis_negY = [
-7.00000E+00 -1.00000E+00 -4.00000E+00
-1.00000E+00  5.00000E+00  2.00000E+00
];

DETflux_2_mis_negZ = [
-7.00000E+00 -1.00000E+00 -4.00000E+00
-1.00000E+00  5.00000E+00  2.00000E+00
];

DETflux_2_mis_pos = [
    1    1    1    1    1    1    1    1    1    1  1.74563E+21 0.00006 
    2    1    1    1    1    1    1    1    1    2  1.45503E+21 0.00006 
    3    1    1    1    1    1    1    1    2    1  1.45501E+21 0.00006 
    4    1    1    1    1    1    1    1    2    2  1.21282E+21 0.00006 
    5    1    1    1    1    1    1    2    1    1  1.45506E+21 0.00006 
    6    1    1    1    1    1    1    2    1    2  1.21281E+21 0.00006 
    7    1    1    1    1    1    1    2    2    1  1.21287E+21 0.00006 
    8    1    1    1    1    1    1    2    2    2  1.01101E+21 0.00006 
];


DETflux_2_mis_posX = [
-5.00000E+00  1.00000E+00 -2.00000E+00
 1.00000E+00  7.00000E+00  4.00000E+00
];

DETflux_2_mis_posY = [
-5.00000E+00  1.00000E+00 -2.00000E+00
 1.00000E+00  7.00000E+00  4.00000E+00
];

DETflux_2_mis_posZ = [
-5.00000E+00  1.00000E+00 -2.00000E+00
 1.00000E+00  7.00000E+00  4.00000E+00
];
