
DETflux = [
    1    1    1    1    1    1    1    1    1    1  1.15025E+20 0.00008 
    2    1    1    1    1    2    1    1    1    1  1.15020E+20 0.00008 
    3    1    1    1    1    3    1    1    1    1  1.15014E+20 0.00008 
    4    1    1    1    1    4    1    1    1    1  1.15018E+20 0.00008 
    5    1    1    1    1    5    1    1    1    1  1.15014E+20 0.00008 
    6    1    1    1    1    6    1    1    1    1  1.15018E+20 0.00008 
    7    1    1    1    1    7    1    1    1    1  1.15029E+20 0.00008 
    8    1    1    1    1    8    1    1    1    1  1.15020E+20 0.00008 
];


DETflibe = [
    1    1    1    1    1    1    1    1    1    1  1.30447E+22 0.00006 
];


DETflux_1 = [
    1    1    1    1    1    1    1    1    1    1  1.39649E+22 0.00006 
];


DETflux_1X = [
-6.00000E+00  6.00000E+00  0.00000E+00
];

DETflux_1Y = [
-6.00000E+00  6.00000E+00  0.00000E+00
];

DETflux_1Z = [
-6.00000E+00  6.00000E+00  0.00000E+00
];

DETflux_2_aligned = [
    1    1    1    1    1    1    1    1    1    1  1.74565E+21 0.00006 
    2    1    1    1    1    1    1    1    1    2  1.74560E+21 0.00006 
    3    1    1    1    1    1    1    1    2    1  1.74559E+21 0.00006 
    4    1    1    1    1    1    1    1    2    2  1.74559E+21 0.00006 
    5    1    1    1    1    1    1    2    1    1  1.74561E+21 0.00006 
    6    1    1    1    1    1    1    2    1    2  1.74560E+21 0.00006 
    7    1    1    1    1    1    1    2    2    1  1.74563E+21 0.00006 
    8    1    1    1    1    1    1    2    2    2  1.74561E+21 0.00006 
];


DETflux_2_alignedX = [
-6.00000E+00  0.00000E+00 -3.00000E+00
 0.00000E+00  6.00000E+00  3.00000E+00
];

DETflux_2_alignedY = [
-6.00000E+00  0.00000E+00 -3.00000E+00
 0.00000E+00  6.00000E+00  3.00000E+00
];

DETflux_2_alignedZ = [
-6.00000E+00  0.00000E+00 -3.00000E+00
 0.00000E+00  6.00000E+00  3.00000E+00
];

DETflux_2_mis_neg = [
    1    1    1    1    1    1    1    1    1    1  1.01099E+21 0.00006 
    2    1    1    1    1    1    1    1    1    2  1.21278E+21 0.00006 
    3    1    1    1    1    1    1    1    2    1  1.21277E+21 0.00006 
    4    1    1    1    1    1    1    1    2    2  1.45498E+21 0.00006 
    5    1    1    1    1    1    1    2    1    1  1.21280E+21 0.00006 
    6    1    1    1    1    1    1    2    1    2  1.45495E+21 0.00006 
    7    1    1    1    1    1    1    2    2    1  1.45503E+21 0.00006 
    8    1    1    1    1    1    1    2    2    2  1.74560E+21 0.00006 
];


DETflux_2_mis_negX = [
-7.00000E+00 -1.00000E+00 -4.00000E+00
-1.00000E+00  5.00000E+00  2.00000E+00
];

DETflux_2_mis_negY = [
-7.00000E+00 -1.00000E+00 -4.00000E+00
-1.00000E+00  5.00000E+00  2.00000E+00
];

DETflux_2_mis_negZ = [
-7.00000E+00 -1.00000E+00 -4.00000E+00
-1.00000E+00  5.00000E+00  2.00000E+00
];

DETflux_2_mis_pos = [
    1    1    1    1    1    1    1    1    1    1  1.74564E+21 0.00006 
    2    1    1    1    1    1    1    1    1    2  1.45495E+21 0.00006 
    3    1    1    1    1    1    1    1    2    1  1.45494E+21 0.00006 
    4    1    1    1    1    1    1    1    2    2  1.21277E+21 0.00006 
    5    1    1    1    1    1    1    2    1    1  1.45501E+21 0.00006 
    6    1    1    1    1    1    1    2    1    2  1.21281E+21 0.00006 
    7    1    1    1    1    1    1    2    2    1  1.21280E+21 0.00006 
    8    1    1    1    1    1    1    2    2    2  1.01099E+21 0.00006 
];


DETflux_2_mis_posX = [
-5.00000E+00  1.00000E+00 -2.00000E+00
 1.00000E+00  7.00000E+00  4.00000E+00
];

DETflux_2_mis_posY = [
-5.00000E+00  1.00000E+00 -2.00000E+00
 1.00000E+00  7.00000E+00  4.00000E+00
];

DETflux_2_mis_posZ = [
-5.00000E+00  1.00000E+00 -2.00000E+00
 1.00000E+00  7.00000E+00  4.00000E+00
];

DETflux_2_mis_neg2 = [
    1    1    1    1    1    1    1    1    1    1  1.34509E+21 0.00006 
    2    1    1    1    1    1    1    1    1    2  1.46712E+21 0.00006 
    3    1    1    1    1    1    1    1    2    1  1.46711E+21 0.00006 
    4    1    1    1    1    1    1    1    2    2  1.60030E+21 0.00006 
    5    1    1    1    1    1    1    2    1    1  1.46712E+21 0.00006 
    6    1    1    1    1    1    1    2    1    2  1.60029E+21 0.00006 
    7    1    1    1    1    1    1    2    2    1  1.60034E+21 0.00006 
    8    1    1    1    1    1    1    2    2    2  1.74560E+21 0.00006 
];


DETflux_2_mis_neg2X = [
-6.50000E+00 -5.00000E-01 -3.50000E+00
-5.00000E-01  5.50000E+00  2.50000E+00
];

DETflux_2_mis_neg2Y = [
-6.50000E+00 -5.00000E-01 -3.50000E+00
-5.00000E-01  5.50000E+00  2.50000E+00
];

DETflux_2_mis_neg2Z = [
-6.50000E+00 -5.00000E-01 -3.50000E+00
-5.00000E-01  5.50000E+00  2.50000E+00
];

DETflux_2_mis_pos2 = [
    1    1    1    1    1    1    1    1    1    1  1.74564E+21 0.00006 
    2    1    1    1    1    1    1    1    1    2  1.60027E+21 0.00006 
    3    1    1    1    1    1    1    1    2    1  1.60031E+21 0.00006 
    4    1    1    1    1    1    1    1    2    2  1.46708E+21 0.00006 
    5    1    1    1    1    1    1    2    1    1  1.60032E+21 0.00006 
    6    1    1    1    1    1    1    2    1    2  1.46712E+21 0.00006 
    7    1    1    1    1    1    1    2    2    1  1.46715E+21 0.00006 
    8    1    1    1    1    1    1    2    2    2  1.34507E+21 0.00006 
];


DETflux_2_mis_pos2X = [
-5.50000E+00  5.00000E-01 -2.50000E+00
 5.00000E-01  6.50000E+00  3.50000E+00
];

DETflux_2_mis_pos2Y = [
-5.50000E+00  5.00000E-01 -2.50000E+00
 5.00000E-01  6.50000E+00  3.50000E+00
];

DETflux_2_mis_pos2Z = [
-5.50000E+00  5.00000E-01 -2.50000E+00
 5.00000E-01  6.50000E+00  3.50000E+00
];
